Лабораторная работа №8 – Многоканальная СМО с отказами
Параметры: число каналов n = 5, интенсивность обслуживания μ = 10 заявок/сек

Таблица сравнения экспериментальных и теоретических показателей (формулы лекции №5):

λ	P0(эксп)	P0(теор)	Pотк(эксп)	Pотк(теор)	Q(эксп)	Q(теор)	A(эксп)	A(теор)	ср.зан(эксп)	ср.зан(теор)
2,00	0,8321	0,8187	0,0000	0,0000	1,0000	1,0000	-1,81	2,00	-0,181	0,200
4,00	0,6601	0,6703	0,0000	0,0001	1,0000	0,9999	-4,12	4,00	-0,412	0,400
6,00	0,6090	0,5488	0,0031	0,0004	0,9969	0,9996	-5,31	6,00	-0,531	0,600
8,00	0,4738	0,4494	0,0000	0,0012	1,0000	0,9988	-7,72	7,99	-0,772	0,799
10,00	0,3867	0,3681	0,0000	0,0031	1,0000	0,9969	-9,16	9,97	-0,916	0,997
12,00	0,3027	0,3016	0,0062	0,0063	0,9938	0,9937	-10,69	11,92	-1,069	1,192
14,00	0,2256	0,2474	0,0076	0,0111	0,9924	0,9889	-13,13	13,84	-1,313	1,384
16,00	0,2152	0,2031	0,0035	0,0177	0,9965	0,9823	-14,30	15,72	-1,430	1,572
18,00	0,2108	0,1670	0,0148	0,0263	0,9852	0,9737	-15,61	17,53	-1,561	1,753
20,00	0,1552	0,1376	0,0060	0,0367	0,9940	0,9633	-16,69	19,27	-1,669	1,927

Дополнительная статистика:
λ	Всего заявок	Обслужено	Отказано
2,00	108	108	0
4,00	246	246	0
6,00	319	318	1
8,00	463	463	0
10,00	546	546	0
12,00	643	639	4
14,00	792	786	6
16,00	861	858	3
18,00	948	934	14
20,00	1003	997	6
